P!: -94.9943 0.27741 
P2: 19.133 55.4392 
distance:0.001756s
comparable_distance:0.001537s

P!: 150.142 -82.48 
P2: 139.892 74.4522 
distance:0.001704s
comparable_distance:0.001463s

P!: -17.7824 42.4202 
P2: 89.2564 7.57155 
distance:0.001543s
comparable_distance:0.00133s

P!: -74.0715 40.0412 
P2: -103.113 53.6034 
distance:0.001204s
comparable_distance:0.000915s

P!: 129.319 70.3378 
P2: -3.68174 1.80753 
distance:0.001031s
comparable_distance:0.000918s

P!: 120.926 45.6531 
P2: 151.072 -80.9451 
distance:0.001034s
comparable_distance:0.000923s

P!: -1.44564 -33.2391 
P2: -19.2342 -89.0489 
distance:0.001011s
comparable_distance:0.000912s

P!: -152.954 6.10067 
P2: 17.2141 -78.1741 
distance:0.001035s
comparable_distance:0.000924s

P!: 5.5849 -57.0143 
P2: -115.059 -11.6366 
distance:0.001047s
comparable_distance:0.000941s

P!: 101.216 89.4869 
P2: 29.5753 33.6757 
distance:0.001016s
comparable_distance:0.000949s

P!: -90.5696 -44.4458 
P2: -81.5196 -84.8221 
distance:0.000969s
comparable_distance:0.000876s

P!: 28.5438 35.9685 
P2: -164.043 8.3514 
distance:0.000997s
comparable_distance:0.000872s

P!: 154.348 -28.7299 
P2: -168.222 16.1462 
distance:0.000984s
comparable_distance:0.00088s

P!: 116.995 36.9747 
P2: 60.0712 -64.8084 
distance:0.000978s
comparable_distance:0.000865s

P!: -156.573 46.1461 
P2: -175.874 -18.0275 
distance:0.000845s
comparable_distance:0.000764s

P!: 152.488 74.1542 
P2: 99.2729 48.5219 
distance:0.000871s
comparable_distance:0.000788s

P!: -81.4574 67.0912 
P2: 54.5441 -20.6866 
distance:0.000868s
comparable_distance:0.000781s

P!: -13.1294 73.1095 
P2: 49.9385 -71.5566 
distance:0.000885s
comparable_distance:0.000792s

P!: 95.0469 -35.7276 
P2: 119.914 -66.1574 
distance:0.000857s
comparable_distance:0.000771s

P!: 27.186 -41.1545 
P2: -1.49767 -40.92 
distance:0.000842s
comparable_distance:0.000764s

P!: 11.1593 57.3651 
P2: -37.5913 81.2425 
distance:0.000863s
comparable_distance:0.000783s

P!: -81.746 12.873 
P2: 69.7877 56.5687 
distance:0.000869s
comparable_distance:0.000783s

P!: 144.712 5.4325 
P2: 118.782 -24.7405 
distance:0.000844s
comparable_distance:0.000777s

P!: -14.3163 -68.3556 
P2: 149.303 -32.6283 
distance:0.000819s
comparable_distance:0.000743s

P!: 16.239 32.1751 
P2: -105.743 51.5923 
distance:0.000816s
comparable_distance:0.000741s

P!: -157.012 34.6789 
P2: 76.1808 -17.2503 
distance:0.000819s
comparable_distance:0.000733s

P!: 119.662 27.1077 
P2: -15.3053 82.3845 
distance:0.000851s
comparable_distance:0.000771s

P!: 79.9919 71.4708 
P2: -153.084 -83.4349 
distance:0.000859s
comparable_distance:0.000762s

P!: -64.5647 2.04691 
P2: 158.186 53.2039 
distance:0.000824s
comparable_distance:0.000742s

P!: 3.10444 -12.05 
P2: 8.13042 26.1783 
distance:0.000804s
comparable_distance:0.000729s

P!: 25.8819 -44.7642 
P2: -125.347 74.9549 
distance:0.000847s
comparable_distance:0.000708s

P!: 87.6491 -29.0598 
P2: -59.7318 -70.2804 
distance:0.000784s
comparable_distance:0.000706s

P!: 100.246 -56.604 
P2: -51.5943 -19.3946 
distance:0.000783s
comparable_distance:0.0007s

P!: -80.5173 67.7953 
P2: -152.745 -73.5946 
distance:0.000801s
comparable_distance:0.000715s

P!: -155.74 -74.2865 
P2: -175.739 -28.4422 
distance:0.00078s
comparable_distance:0.00071s

P!: 50.0942 -14.5247 
P2: 46.0034 74.0658 
distance:0.000787s
comparable_distance:0.000713s

P!: -165.039 -59.3196 
P2: 59.0617 37.8771 
distance:0.000804s
comparable_distance:0.00072s

P!: 111.841 -78.8424 
P2: -150.354 4.2333 
distance:0.000782s
comparable_distance:0.000711s

P!: 134.204 -55.1816 
P2: -129.385 2.37598 
distance:0.000787s
comparable_distance:0.000677s

P!: -102.126 -17.9282 
P2: 73.0461 81.1267 
distance:0.000762s
comparable_distance:0.000692s

P!: 67.5995 -34.6256 
P2: 74.0929 -72.7944 
distance:0.000737s
comparable_distance:0.000667s

P!: 147.924 -61.9696 
P2: 146.926 -52.5244 
distance:0.000731s
comparable_distance:0.000666s

P!: -15.7895 -15.4042 
P2: -72.3298 82.5353 
distance:0.000744s
comparable_distance:0.000672s

P!: -9.64404 25.0055 
P2: -66.4975 72.383 
distance:0.000741s
comparable_distance:0.000674s

P!: 2.57433 -32.0035 
P2: 0.677062 -69.3692 
distance:0.000735s
comparable_distance:0.00067s

P!: -172.234 14.7134 
P2: -130.802 7.98075 
distance:0.000729s
comparable_distance:0.000662s

P!: 75.8559 -31.1095 
P2: -135.048 -56.0551 
distance:0.000744s
comparable_distance:0.000671s

P!: -50.9819 -34.2435 
P2: 147.162 -29.0529 
distance:0.000705s
comparable_distance:0.000637s

P!: -107.447 -20.7637 
P2: -137.584 47.1175 
distance:0.000702s
comparable_distance:0.000638s

P!: -114.906 -65.382 
P2: -136.92 -2.68659 
distance:0.000758s
comparable_distance:0.000643s

P!: 50.0016 -28.4637 
P2: -97.0289 22.261 
distance:0.000716s
comparable_distance:0.000638s

P!: 4.43159 -20.4902 
P2: -90.8429 -72.671 
distance:0.00071s
comparable_distance:0.000642s

P!: 153.4 15.9399 
P2: -61.5676 76.9978 
distance:0.000727s
comparable_distance:0.000661s

P!: 122.888 -70.1819 
P2: -89.7854 67.9036 
distance:0.000746s
comparable_distance:0.000654s

P!: -37.6645 19.1696 
P2: -32.0789 -32.7042 
distance:0.000697s
comparable_distance:0.000631s

P!: -10.5518 41.9458 
P2: -75.7374 54.3152 
distance:0.000724s
comparable_distance:0.000611s

P!: -62.1599 36.4791 
P2: 42.3124 62.7986 
distance:0.000683s
comparable_distance:0.000612s

P!: 23.0927 -81.8312 
P2: 35.7483 -0.4765 
distance:0.000674s
comparable_distance:0.000614s

P!: 66.5123 -53.6096 
P2: -49.8763 -49.214 
distance:0.000689s
comparable_distance:0.000621s

P!: 166.492 -11.8229 
P2: -173.994 53.4175 
distance:0.000696s
comparable_distance:0.00063s

P!: 68.7474 77.1191 
P2: 54.3734 -22.7395 
distance:0.000689s
comparable_distance:0.000619s

P!: 51.5345 -2.22663 
P2: -47.4983 -36.6334 
distance:0.00068s
comparable_distance:0.000611s

P!: -92.01 19.4474 
P2: 0.443268 24.6855 
distance:0.000682s
comparable_distance:0.000611s

P!: -0.0349169 -61.3104 
P2: 67.355 28.8181 
distance:0.000695s
comparable_distance:0.000624s

P!: -40.9964 -12.8379 
P2: -119.145 23.8431 
distance:0.000674s
comparable_distance:0.000598s

P!: -81.148 -12.3277 
P2: 178.913 -65.6323 
distance:0.000658s
comparable_distance:0.00059s

P!: -77.2041 -18.9831 
P2: -67.9515 31.1743 
distance:0.000642s
comparable_distance:0.000583s

P!: -31.4349 -5.01489 
P2: 164.971 0.0224197 
distance:0.000678s
comparable_distance:0.000591s

P!: -111.259 -11.6485 
P2: 152.607 -51.0151 
distance:0.000658s
comparable_distance:0.000592s

P!: -39.1889 89.8129 
P2: -4.30392 36.6277 
distance:0.000667s
comparable_distance:0.000603s

P!: 66.9958 -86.2688 
P2: -160.653 -9.94225 
distance:0.000657s
comparable_distance:0.000595s

P!: 29.7694 -42.1678 
P2: 48.8461 -73.285 
distance:0.000662s
comparable_distance:0.000595s

P!: 67.0392 69.1821 
P2: -167.739 -33.8944 
distance:0.000662s
comparable_distance:0.000597s

P!: -159.176 -38.2034 
P2: -127.901 -13.9877 
distance:0.000641s
comparable_distance:0.000582s

P!: -167.931 -2.86091 
P2: -121.351 -77.6719 
distance:0.000675s
comparable_distance:0.000602s

P!: -31.7603 87.1589 
P2: -66.985 -59.3276 
distance:0.000666s
comparable_distance:0.000577s

P!: 84.9404 -33.2994 
P2: 21.0216 29.2737 
distance:0.000636s
comparable_distance:0.000575s

P!: 129.725 -43.6339 
P2: -31.5054 -18.0814 
distance:0.000627s
comparable_distance:0.000564s

P!: -179.878 -31.0206 
P2: -141.745 -86.8106 
distance:0.000627s
comparable_distance:0.000569s

P!: 131.468 89.58 
P2: 0.222163 67.537 
distance:0.000632s
comparable_distance:0.000575s

P!: 51.1069 -83.636 
P2: -177.956 2.97428 
distance:0.000641s
comparable_distance:0.000572s

P!: -113.292 -39.408 
P2: 38.7188 -61.234 
distance:0.000629s
comparable_distance:0.000569s

P!: -173.432 11.6116 
P2: 177.053 11.317 
distance:0.000625s
comparable_distance:0.000572s

P!: -51.8506 -35.9965 
P2: 168.149 -79.466 
distance:0.000633s
comparable_distance:0.000574s

P!: 173.778 -4.61513 
P2: -18.4643 6.59018 
distance:0.000618s
comparable_distance:0.000543s

P!: -148.3 13.4461 
P2: -149.307 1.25901 
